Sel <- c( 8.52144, 9.31787, 8.87169, 10.1688, 8.71753, 9.33382, 8.53707, 9.53103, 8.34425, 
  9.0727, 9.75258, 8.90295, 9.29398, 10.1377, 9.07561, 8.42158, 8.48907, 8.78606,
  8.54167, 7.62287, 9.65166, 9.03318, 9.70428, 9.00755, 9.81055, 8.46985, 8.72926,
  8.34425, 9.10499, 8.94421, 8.35952, 9.59776, 8.54167, 9.29913, 8.63218, 8.80495,
  9.48035, 8.54167, 8.85697, 9.56052, 7.83374, 9.10499, 9.53544, 8.52081, 9.47492, 
  8.63218, 8.94421, 8.56781, 7.59194, 7.87901, 7.85705, 8.80936, 8.27471, 8.7792,
  8.93323, 10.3182, 9.1849, 9.50018, 8.77943, 9.65166, 9.53544, 9.49801, 8.97516,
  7.87901, 8.7792, 9.21614, 8.0662, 10.1104, 10.5759, 9.10499, 9.05102, 9.15245, 
  8.97528, 9.1849, 9.65166, 9.823, 9.99676, 8.63693, 9.62044, 9.33026, 9.70428, 
  9.67116, 8.48907, 9.68612, 8.6468, 8.48997, 9.93156, 9.03677, 9.81765, 9.03318, 
  8.52144, 9.68005, 9.51235, 10.9796, 9.65166, 8.48907, 8.79034, 8.933, 8.56781, 
  10.7925, 9.51974, 8.46985, 8.69534, 8.95158, 8.23163, 8.23163, 9.70428, 9.66882,
  7.92388, 8.95454, 9.05061, 7.58677, 9.0727, 8.42867, 8.77633, 7.88572, 8.71604,
  8.97516, 9.09178, 10.2353, 9.53103, 9.99144, 8.42867, 9.05653, 9.18468, 9.56052,
  9.07109, 8.18097, 8.83122, 9.05061, 8.71009, 9.37743, 8.66704, 9.65166, 8.4746,
  8.66704, 9.73016, 9.09414, 9.31787, 9.99676, 8.7792, 8.17624, 9.68084, 9.87887,
  8.06235, 9.45145, 9.84866, 10.0982, 8.96594, 9.01216, 8.85531, 8.94596, 8.80615,
  9.66882, 9.41689, 7.12098, 8.40284, 9.05344, 8.95158, 8.80159, 9.37743, 8.09449,
  10.2353, 9.09178, 9.44329, 9.05344, 9.30753, 9.47492, 9.48035, 8.49109, 8.18423,
  9.823, 9.65166, 9.03677, 8.60438, 9.15245, 8.80615, 10.469, 9.72106, 9.29913,
  8.93323, 9.51235, 8.69534, 8.93078, 8.6468, 8.89576, 10.2707, 9.26836, 8.27471,
  9.37351, 9.70424, 8.89576, 8.77943, 8.6468, 8.19941, 9.64183, 7.90225, 8.94581,
  9.33382, 8.71753, 9.68084, 7.95376, 8.95158, 8.85531, 8.48907, 9.93156, 8.19941,
  9.03677, 9.01216, 8.77633, 11.1856, 8.90295, 9.52828, 8.37859, 9.82704, 8.45575,
  9.59776, 8.69534, 8.19941, 8.18423, 9.29398, 8.35952, 8.7792, 9.03318, 9.80007, 
  9.53103, 8.54167, 8.58205, 8.45575, 8.48909, 10.3182, 9.1705, 8.95158, 8.48909, 
  9.07561, 9.72106, 9.26359, 9.65166, 9.89247, 8.80495, 9.70428, 8.78606,
  9.12773, 8.36706, 8.99799, 10.3182, 8.71753, 9.09694, 9.52828, 8.85531 )
